01110000000100010000000000000000
01110000000100100000000000000000
01110000000100110000000000111100
00000010001010011001000000111111
01110000000010000000000001111100
00000001001010000100000000100000
01110000000100010000000000000100
01110000000100100000000000001100
00000010001010011001000000111111
00000001001010000100000000100000
01110000000100010000000000001000
01110000000100100000000000011000
00000010001010011001000000111111
00000001001010000100000000100000
01110110011010000000000000000000
01110000000100010000000000000000
01110000000100100000000000000100
01110000000100110000000000111100
00000010001010011001000000111111
01110000000010000000000001111100
00000001001010000100000000100000
01110000000100010000000000000100
01110000000100100000000000010000
00000010001010011001000000111111
00000001001010000100000000100000
01110000000100010000000000001000
01110000000100100000000000011100
00000010001010011001000000111111
00000001001010000100000000100000
01110110011010000000000000000100
01110000000100010000000000000000
01110000000100100000000000001000
01110000000100110000000000111100
00000010001010011001000000111111
01110000000010000000000001111100
00000001001010000100000000100000
01110000000100010000000000000100
01110000000100100000000000010100
00000010001010011001000000111111
00000001001010000100000000100000
01110000000100010000000000001000
01110000000100100000000000100000
00000010001010011001000000111111
00000001001010000100000000100000
01110110011010000000000000001000
01110000000100010000000000001100
01110000000100100000000000000000
01110000000100110000000000111100
00000010001010011001000000111111
01110000000010000000000001111100
00000001001010000100000000100000
01110000000100010000000000010000
01110000000100100000000000001100
00000010001010011001000000111111
00000001001010000100000000100000
01110000000100010000000000010100
01110000000100100000000000011000
00000010001010011001000000111111
00000001001010000100000000100000
01110110011010000000000000001100
01110000000100010000000000001100
01110000000100100000000000000100
01110000000100110000000000111100
00000010001010011001000000111111
01110000000010000000000001111100
00000001001010000100000000100000
01110000000100010000000000010000
01110000000100100000000000010000
00000010001010011001000000111111
00000001001010000100000000100000
01110000000100010000000000010100
01110000000100100000000000011100
00000010001010011001000000111111
00000001001010000100000000100000
01110110011010000000000000010000
01110000000100010000000000001100
01110000000100100000000000001000
01110000000100110000000000111100
00000010001010011001000000111111
01110000000010000000000001111100
00000001001010000100000000100000
01110000000100010000000000010000
01110000000100100000000000010100
00000010001010011001000000111111
00000001001010000100000000100000
01110000000100010000000000010100
01110000000100100000000000100000
00000010001010011001000000111111
00000001001010000100000000100000
01110110011010000000000000010100
01110000000100010000000000011000
01110000000100100000000000000000
01110000000100110000000000111100
00000010001010011001000000111111
01110000000010000000000001111100
00000001001010000100000000100000
01110000000100010000000000011100
01110000000100100000000000001100
00000010001010011001000000111111
00000001001010000100000000100000
01110000000100010000000000100000
01110000000100100000000000011000
00000010001010011001000000111111
00000001001010000100000000100000
01110110011010000000000000011000
01110000000100010000000000011000
01110000000100100000000000000100
01110000000100110000000000111100
00000010001010011001000000111111
01110000000010000000000001111100
00000001001010000100000000100000
01110000000100010000000000011100
01110000000100100000000000010000
00000010001010011001000000111111
00000001001010000100000000100000
01110000000100010000000000100000
01110000000100100000000000011100
00000010001010011001000000111111
00000001001010000100000000100000
01110110011010000000000000011100
01110000000100010000000000011000
01110000000100100000000000001000
01110000000100110000000000111100
00000010001010011001000000111111
01110000000010000000000001111100
00000001001010000100000000100000
01110000000100010000000000011100
01110000000100100000000000010100
00000010001010011001000000111111
00000001001010000100000000100000
01110000000100010000000000100000
01110000000100100000000000100000
00000010001010011001000000111111
00000001001010000100000000100000
01110110011010000000000000100000
